size,iteracion,m,tiempo,distancia,ejecucion,nodos,convergencia
15,1,1,8.153600,6.8200,0.253,0,111
15,1,2,8.703000,7.0300,0.215,0,139
15,1,3,9.240000,7.4000,0.216,0,88
15,2,1,8.201000,7.0100,0.219,0,130
15,2,2,8.755000,7.5500,0.168,0,121
15,2,3,9.339000,8.3900,0.224,0,111
15,3,1,8.179000,6.7900,0.237,0,175
15,3,2,8.722000,7.2200,0.216,0,136
15,3,3,9.278000,7.7800,0.375,0,82
15,4,1,8.182000,6.8200,0.229,0,148
15,4,2,8.775000,7.7500,0.154,0,151
15,4,3,9.446000,9.4600,0.170,0,142
15,5,1,8.182000,6.8200,0.161,0,137
15,5,2,8.708000,7.0800,0.165,0,155
15,5,3,9.248000,7.4800,0.150,0,150
20,1,1,10.74600,7.4600,0.288,0,216
20,1,2,11.27300,7.7300,0.240,0,160
20,1,3,11.79500,7.9500,0.196,0,149
20,2,1,10.73500,7.3500,0.165,0,164
20,2,2,11.27700,7.7700,0.313,8,218
20,2,3,11.80100,8.0100,0.207,0,153
20,3,1,10.71600,7.1600,0.322,0,229
20,3,2,11.23800,7.3800,0.255,0,180
20,3,3,11.74900,7.4900,0.289,0,168
20,4,1,10.73200,7.3200,0.195,0,183
20,4,2,11.21200,7.1200,0.247,0,153
20,4,3,11.81000,8.1000,0.225,0,120
20,5,1,10.68200,6.8200,0.312,0,187
20,5,2,11.26800,7.6800,0.343,0,192
20,5,3,11.78200,7.8200,0.527,76,763
25,1,1,13.38000,8.8000,0.938,1339,10442
25,1,2,13.89200,8.9200,1.296,892,7555
25,1,3,14.40900,9.0900,0.680,26,512
25,2,1,13.37000,8.7000,0.947,0,195
25,2,2,13.87700,8.7700,0.703,26,381
25,2,3,14.38100,8.8100,0.561,302,2027
25,3,1,13.34500,8.4500,1.302,559,5376
25,3,2,13.85700,8.5700,0.475,0,185
25,3,3,14.42900,9.2900,0.328,0,167
25,4,1,13.37100,8.7100,0.739,188,1877
25,4,2,13.90200,9.0200,1.148,0,211
25,4,3,14.38600,8.8600,0.476,20,488
25,5,1,13.36100,8.6100,0.967,1199,9462
25,5,2,13.91300,9.1300,1.594,1264,10439
25,5,3,14.47300,9.7300,0.462,28,462
31,1,1,16.39200,8.9200,0.777,183,2772
31,1,2,16.98200,9.8200,1.349,47,797
31,1,3,17.49400,9.9400,0.510,0,206
31,2,1,16.36500,8.6500,0.914,35,858
31,2,2,16.90400,9.0400,0.485,0,234
31,2,3,17.45300,9.5300,0.800,0,381
31,3,1,16.43600,9.3600,0.378,0,244
31,3,2,16.93100,9.3100,1.114,0,310
31,3,3,17.51500,10.1500,0.586,0,241
31,4,1,16.44100,9.4100,0.745,60,975
31,4,2,16.90500,9.0500,0.320,0,200
31,4,3,17.48800,9.8800,0.348,0,200
31,5,1,16.42800,9.2800,0.475,0,306
31,5,2,16.97100,9.7100,0.343,0,206
31,5,3,17.49800,9.9800,0.473,93,991
